1.185000000000000000e+03
1.857680000000000000e+05
9.320000000000000000e+02
1.261000000000000000e+03
1.648000000000000000e+03
5.723000000000000000e+03
1.532000000000000000e+03
1.870000000000000000e+03
1.515000000000000000e+03
1.157000000000000000e+03
1.120000000000000000e+03
1.284000000000000000e+03
1.138000000000000000e+03
1.345000000000000000e+03
1.742000000000000000e+03
1.599000000000000000e+03
1.679000000000000000e+03
1.018000000000000000e+03
1.163000000000000000e+03
8.050000000000000000e+02
1.284000000000000000e+03
1.552000000000000000e+03
2.846000000000000000e+03
1.643000000000000000e+03
2.193000000000000000e+03
1.459000000000000000e+03
1.072000000000000000e+03
1.051000000000000000e+03
1.614000000000000000e+03
1.163700000000000000e+04
1.352000000000000000e+03
1.250000000000000000e+03
1.328000000000000000e+03
1.659000000000000000e+03
9.000000000000000000e+02
1.259000000000000000e+03
1.296000000000000000e+03
1.132000000000000000e+03
1.407000000000000000e+03
2.330000000000000000e+03
1.590000000000000000e+03
9.660000000000000000e+02
1.292000000000000000e+03
1.065000000000000000e+03
9.380000000000000000e+02
1.512000000000000000e+03
4.891000000000000000e+03
1.443000000000000000e+03
2.158000000000000000e+03
1.291000000000000000e+03
1.598000000000000000e+03
9.120000000000000000e+02
1.603000000000000000e+03
1.405000000000000000e+03
1.011000000000000000e+03
1.271000000000000000e+03
2.054000000000000000e+03
1.557000000000000000e+03
9.070000000000000000e+02
1.158000000000000000e+03
1.323000000000000000e+03
8.880000000000000000e+02
1.476000000000000000e+03
2.504000000000000000e+03
1.330000000000000000e+03
2.433000000000000000e+03
1.346000000000000000e+03
1.343000000000000000e+03
9.510000000000000000e+02
1.814000000000000000e+03
1.627000000000000000e+03
7.428000000000000000e+03
1.289000000000000000e+03
1.963000000000000000e+03
1.454000000000000000e+03
9.130000000000000000e+02
1.050000000000000000e+03
1.521000000000000000e+03
8.340000000000000000e+02
1.261000000000000000e+03
1.787000000000000000e+03
1.674000000000000000e+03
1.277000000000000000e+03
1.229000000000000000e+03
1.199000000000000000e+03
8.430000000000000000e+02
1.612000000000000000e+03
1.425000000000000000e+03
3.693000000000000000e+03
1.828000000000000000e+03
2.280000000000000000e+03
1.346000000000000000e+03
1.001000000000000000e+03
1.329000000000000000e+03
1.886000000000000000e+03
1.076000000000000000e+03
1.070000000000000000e+03
1.337000000000000000e+03
1.626000000000000000e+03
1.359000000000000000e+03
1.067000000000000000e+03
1.137000000000000000e+03
1.187000000000000000e+03
1.665000000000000000e+03
1.377000000000000000e+03
2.549000000000000000e+03
1.823000000000000000e+03
1.807000000000000000e+03
1.344000000000000000e+03
9.650000000000000000e+02
1.189000000000000000e+03
1.848000000000000000e+03
6.071000000000000000e+03
1.420000000000000000e+03
1.787000000000000000e+03
1.420000000000000000e+03
1.326000000000000000e+03
8.920000000000000000e+02
1.320000000000000000e+03
1.182000000000000000e+03
1.279000000000000000e+03
1.251000000000000000e+03
1.837000000000000000e+03
1.654000000000000000e+03
9.690000000000000000e+02
1.180000000000000000e+03
8.150000000000000000e+02
1.060000000000000000e+03
1.492000000000000000e+03
3.219000000000000000e+03
1.435000000000000000e+03
2.311000000000000000e+03
1.386000000000000000e+03
1.183000000000000000e+03
9.260000000000000000e+02
1.762000000000000000e+03
1.565000000000000000e+03
1.814000000000000000e+04
1.031000000000000000e+03
1.682000000000000000e+03
1.742000000000000000e+03
8.160000000000000000e+02
1.278000000000000000e+03
1.280000000000000000e+03
9.650000000000000000e+02
1.450000000000000000e+03
2.107000000000000000e+03
1.730000000000000000e+03
1.116000000000000000e+03
1.298000000000000000e+03
1.251000000000000000e+03
5.428000000000000000e+03
1.722000000000000000e+03
1.412000000000000000e+03
5.243000000000000000e+03
1.757000000000000000e+03
2.115000000000000000e+03
1.486000000000000000e+03
8.860000000000000000e+02
1.558000000000000000e+03
1.351000000000000000e+03
9.890000000000000000e+02
1.261000000000000000e+03
1.505000000000000000e+03
1.606000000000000000e+03
1.118000000000000000e+03
1.160000000000000000e+03
1.152000000000000000e+03
1.192000000000000000e+03
1.704000000000000000e+03
1.273000000000000000e+03
2.465000000000000000e+03
1.854000000000000000e+03
2.458000000000000000e+03
1.296000000000000000e+03
8.600000000000000000e+02
1.375000000000000000e+03
1.778000000000000000e+03
9.331000000000000000e+03
1.210000000000000000e+03
1.612000000000000000e+03
1.448000000000000000e+03
1.375000000000000000e+03
9.450000000000000000e+02
1.261000000000000000e+03
1.277000000000000000e+03
1.406000000000000000e+03
1.219000000000000000e+03
1.995000000000000000e+03
1.794000000000000000e+03
1.086000000000000000e+03
1.280000000000000000e+03
8.840000000000000000e+02
9.910000000000000000e+02
1.551000000000000000e+03
4.305000000000000000e+03
1.394000000000000000e+03
2.324000000000000000e+03
1.454000000000000000e+03
1.181000000000000000e+03
1.000000000000000000e+03
1.603000000000000000e+03
1.495000000000000000e+03
1.251000000000000000e+03
1.227000000000000000e+03
1.899000000000000000e+03
1.793000000000000000e+03
9.960000000000000000e+02
1.261000000000000000e+03
1.093000000000000000e+03
1.089000000000000000e+03
1.469000000000000000e+03
2.489000000000000000e+03
1.843000000000000000e+03
2.128000000000000000e+03
1.381000000000000000e+03
1.176000000000000000e+03
8.520000000000000000e+02
1.756000000000000000e+03
6.873000000000000000e+03
1.345000000000000000e+03
1.324000000000000000e+03
1.908000000000000000e+03
1.556000000000000000e+03
9.060000000000000000e+02
1.243000000000000000e+03
1.296000000000000000e+03
9.160000000000000000e+02
1.286000000000000000e+03
1.806000000000000000e+03
1.810000000000000000e+03
1.111000000000000000e+03
1.126000000000000000e+03
1.136000000000000000e+03
7.400000000000000000e+02
1.618000000000000000e+03
3.290000000000000000e+03
1.314000000000000000e+03
1.692000000000000000e+03
2.386000000000000000e+03
1.392000000000000000e+03
9.850000000000000000e+02
1.452000000000000000e+03
1.680000000000000000e+03
3.079700000000000000e+04
1.006000000000000000e+03
1.637000000000000000e+03
1.767000000000000000e+03
1.217000000000000000e+03
1.140000000000000000e+03
1.144000000000000000e+03
1.092000000000000000e+03
1.589000000000000000e+03
2.313000000000000000e+03
1.572000000000000000e+03
1.826000000000000000e+03
