1.570000000000000000e+02
7.000000000000000000e+01
8.100000000000000000e+01
8.400000000000000000e+01
1.160000000000000000e+02
1.600000000000000000e+02
1.890000000000000000e+02
2.430000000000000000e+02
3.540000000000000000e+02
3.370000000000000000e+02
2.650000000000000000e+02
2.500000000000000000e+02
2.450000000000000000e+02
2.500000000000000000e+02
2.250000000000000000e+02
2.300000000000000000e+02
2.420000000000000000e+02
2.350000000000000000e+02
2.580000000000000000e+02
3.010000000000000000e+02
2.960000000000000000e+02
3.250000000000000000e+02
3.630000000000000000e+02
3.170000000000000000e+02
3.980000000000000000e+02
3.940000000000000000e+02
4.320000000000000000e+02
4.370000000000000000e+02
4.830000000000000000e+02
5.100000000000000000e+02
5.260000000000000000e+02
6.090000000000000000e+02
5.770000000000000000e+02
6.050000000000000000e+02
6.720000000000000000e+02
7.010000000000000000e+02
7.310000000000000000e+02
8.630000000000000000e+02
8.500000000000000000e+02
9.910000000000000000e+02
1.079000000000000000e+03
1.080000000000000000e+03
1.165000000000000000e+03
1.327000000000000000e+03
1.497000000000000000e+03
1.542000000000000000e+03
1.566000000000000000e+03
1.723000000000000000e+03
1.906000000000000000e+03
2.005000000000000000e+03
2.332000000000000000e+03
2.402000000000000000e+03
2.725000000000000000e+03
2.873000000000000000e+03
3.015000000000000000e+03
3.170000000000000000e+03
3.370000000000000000e+03
3.531000000000000000e+03
3.809000000000000000e+03
4.179000000000000000e+03
4.335000000000000000e+03
4.682000000000000000e+03
5.059000000000000000e+03
5.146000000000000000e+03
5.594000000000000000e+03
6.125000000000000000e+03
6.190000000000000000e+03
6.700000000000000000e+03
6.991000000000000000e+03
7.206000000000000000e+03
7.670000000000000000e+03
7.984000000000000000e+03
8.042000000000000000e+03
8.484000000000000000e+03
8.586000000000000000e+03
8.739000000000000000e+03
8.936000000000000000e+03
9.086000000000000000e+03
9.358000000000000000e+03
9.284000000000000000e+03
9.406000000000000000e+03
9.334000000000000000e+03
9.265000000000000000e+03
9.234000000000000000e+03
9.340000000000000000e+03
9.489000000000000000e+03
9.413000000000000000e+03
9.905000000000000000e+03
9.374000000000000000e+03
9.396000000000000000e+03
9.346000000000000000e+03
9.205000000000000000e+03
8.896000000000000000e+03
9.266000000000000000e+03
9.311000000000000000e+03
9.201000000000000000e+03
1.008400000000000000e+04
9.378000000000000000e+03
8.740000000000000000e+03
8.799000000000000000e+03
8.360000000000000000e+03
8.546000000000000000e+03
8.460000000000000000e+03
8.847000000000000000e+03
8.593000000000000000e+03
8.786000000000000000e+03
8.077000000000000000e+03
7.965000000000000000e+03
8.345000000000000000e+03
8.230000000000000000e+03
7.682000000000000000e+03
9.528000000000000000e+03
8.435000000000000000e+03
8.468000000000000000e+03
7.872000000000000000e+03
7.262000000000000000e+03
7.699000000000000000e+03
6.960000000000000000e+03
7.334000000000000000e+03
8.250000000000000000e+03
7.873000000000000000e+03
8.254000000000000000e+03
1.025900000000000000e+04
1.061900000000000000e+04
9.673000000000000000e+03
7.213000000000000000e+03
7.365000000000000000e+03
8.402000000000000000e+03
9.673000000000000000e+03
1.048300000000000000e+04
1.009600000000000000e+04
1.040700000000000000e+04
8.583000000000000000e+03
7.626000000000000000e+03
5.935000000000000000e+03
5.105000000000000000e+03
7.134000000000000000e+03
4.184000000000000000e+03
3.187000000000000000e+03
3.308000000000000000e+03
3.120000000000000000e+03
2.131000000000000000e+03
1.838000000000000000e+03
9.330000000000000000e+02
6.740000000000000000e+02
6.220000000000000000e+02
6.390000000000000000e+02
6.140000000000000000e+02
5.820000000000000000e+02
5.520000000000000000e+02
4.640000000000000000e+02
4.900000000000000000e+02
4.300000000000000000e+02
4.270000000000000000e+02
4.470000000000000000e+02
4.090000000000000000e+02
4.080000000000000000e+02
3.980000000000000000e+02
3.860000000000000000e+02
3.770000000000000000e+02
3.610000000000000000e+02
3.820000000000000000e+02
3.850000000000000000e+02
3.920000000000000000e+02
3.380000000000000000e+02
3.750000000000000000e+02
3.230000000000000000e+02
3.620000000000000000e+02
3.460000000000000000e+02
3.360000000000000000e+02
3.560000000000000000e+02
3.060000000000000000e+02
3.140000000000000000e+02
3.380000000000000000e+02
2.870000000000000000e+02
3.170000000000000000e+02
3.060000000000000000e+02
3.310000000000000000e+02
3.300000000000000000e+02
3.260000000000000000e+02
3.180000000000000000e+02
3.220000000000000000e+02
3.670000000000000000e+02
3.390000000000000000e+02
3.370000000000000000e+02
3.450000000000000000e+02
3.670000000000000000e+02
3.500000000000000000e+02
3.630000000000000000e+02
3.410000000000000000e+02
3.300000000000000000e+02
3.600000000000000000e+02
3.430000000000000000e+02
3.630000000000000000e+02
3.780000000000000000e+02
3.120000000000000000e+02
3.460000000000000000e+02
3.370000000000000000e+02
3.200000000000000000e+02
3.450000000000000000e+02
3.580000000000000000e+02
3.310000000000000000e+02
3.130000000000000000e+02
3.050000000000000000e+02
2.920000000000000000e+02
2.730000000000000000e+02
2.890000000000000000e+02
3.000000000000000000e+02
2.600000000000000000e+02
2.690000000000000000e+02
2.250000000000000000e+02
2.610000000000000000e+02
2.520000000000000000e+02
2.580000000000000000e+02
2.770000000000000000e+02
2.960000000000000000e+02
2.820000000000000000e+02
2.770000000000000000e+02
3.280000000000000000e+02
3.040000000000000000e+02
2.750000000000000000e+02
3.180000000000000000e+02
2.890000000000000000e+02
2.690000000000000000e+02
2.160000000000000000e+02
2.090000000000000000e+02
1.880000000000000000e+02
1.940000000000000000e+02
1.530000000000000000e+02
1.650000000000000000e+02
1.910000000000000000e+02
1.350000000000000000e+02
1.220000000000000000e+02
1.100000000000000000e+02
9.000000000000000000e+01
8.400000000000000000e+01
6.800000000000000000e+01
5.500000000000000000e+01
8.000000000000000000e+01
4.300000000000000000e+01
2.100000000000000000e+01
7.000000000000000000e+00
1.000000000000000000e+00
3.000000000000000000e+00
0.000000000000000000e+00
1.000000000000000000e+00
2.000000000000000000e+00
0.000000000000000000e+00
0.000000000000000000e+00
0.000000000000000000e+00
0.000000000000000000e+00
0.000000000000000000e+00
0.000000000000000000e+00
1.000000000000000000e+00
0.000000000000000000e+00
0.000000000000000000e+00
