1.800000000000000000e+01
9.000000000000000000e+00
7.000000000000000000e+00
1.000000000000000000e+01
1.300000000000000000e+01
1.600000000000000000e+01
2.700000000000000000e+01
5.200000000000000000e+01
4.800000000000000000e+01
6.600000000000000000e+01
9.500000000000000000e+01
7.900000000000000000e+01
7.500000000000000000e+01
8.500000000000000000e+01
1.420000000000000000e+02
2.650000000000000000e+02
2.640000000000000000e+02
2.070000000000000000e+02
2.060000000000000000e+02
1.690000000000000000e+02
1.370000000000000000e+02
1.310000000000000000e+02
1.480000000000000000e+02
1.360000000000000000e+02
1.330000000000000000e+02
1.410000000000000000e+02
1.440000000000000000e+02
1.540000000000000000e+02
1.280000000000000000e+02
1.650000000000000000e+02
1.420000000000000000e+02
1.360000000000000000e+02
1.420000000000000000e+02
1.360000000000000000e+02
1.340000000000000000e+02
1.340000000000000000e+02
1.390000000000000000e+02
1.330000000000000000e+02
1.340000000000000000e+02
2.010000000000000000e+02
1.570000000000000000e+02
1.670000000000000000e+02
1.660000000000000000e+02
1.740000000000000000e+02
1.660000000000000000e+02
1.660000000000000000e+02
2.070000000000000000e+02
1.800000000000000000e+02
1.710000000000000000e+02
1.860000000000000000e+02
1.800000000000000000e+02
1.880000000000000000e+02
2.020000000000000000e+02
2.090000000000000000e+02
1.810000000000000000e+02
1.980000000000000000e+02
1.970000000000000000e+02
2.070000000000000000e+02
1.950000000000000000e+02
2.210000000000000000e+02
2.320000000000000000e+02
2.270000000000000000e+02
2.260000000000000000e+02
2.330000000000000000e+02
2.470000000000000000e+02
2.370000000000000000e+02
2.450000000000000000e+02
2.720000000000000000e+02
2.730000000000000000e+02
2.730000000000000000e+02
3.110000000000000000e+02
3.010000000000000000e+02
3.670000000000000000e+02
3.650000000000000000e+02
3.790000000000000000e+02
3.740000000000000000e+02
4.390000000000000000e+02
4.220000000000000000e+02
4.070000000000000000e+02
4.430000000000000000e+02
4.390000000000000000e+02
4.440000000000000000e+02
4.790000000000000000e+02
4.950000000000000000e+02
5.020000000000000000e+02
5.520000000000000000e+02
5.780000000000000000e+02
5.820000000000000000e+02
6.610000000000000000e+02
6.550000000000000000e+02
6.490000000000000000e+02
6.900000000000000000e+02
7.610000000000000000e+02
7.640000000000000000e+02
8.400000000000000000e+02
9.030000000000000000e+02
9.140000000000000000e+02
9.720000000000000000e+02
9.900000000000000000e+02
1.036000000000000000e+03
1.096000000000000000e+03
1.070000000000000000e+03
1.185000000000000000e+03
1.210000000000000000e+03
1.315000000000000000e+03
1.370000000000000000e+03
1.415000000000000000e+03
1.499000000000000000e+03
1.570000000000000000e+03
1.717000000000000000e+03
1.822000000000000000e+03
1.854000000000000000e+03
2.079000000000000000e+03
2.177000000000000000e+03
2.333000000000000000e+03
2.427000000000000000e+03
2.580000000000000000e+03
2.751000000000000000e+03
2.872000000000000000e+03
2.881000000000000000e+03
3.082000000000000000e+03
3.322000000000000000e+03
3.481000000000000000e+03
3.759000000000000000e+03
3.902000000000000000e+03
4.296000000000000000e+03
4.520000000000000000e+03
4.847000000000000000e+03
5.282000000000000000e+03
5.513000000000000000e+03
5.929000000000000000e+03
6.199000000000000000e+03
6.698000000000000000e+03
6.814000000000000000e+03
7.280000000000000000e+03
7.600000000000000000e+03
7.961000000000000000e+03
8.128000000000000000e+03
8.236000000000000000e+03
8.250000000000000000e+03
8.273000000000000000e+03
8.197000000000000000e+03
8.077000000000000000e+03
8.049000000000000000e+03
8.163000000000000000e+03
8.148000000000000000e+03
8.001000000000000000e+03
7.971000000000000000e+03
7.900000000000000000e+03
7.853000000000000000e+03
7.849000000000000000e+03
7.854000000000000000e+03
7.719000000000000000e+03
7.587000000000000000e+03
7.423000000000000000e+03
7.397000000000000000e+03
7.266000000000000000e+03
7.471000000000000000e+03
7.302000000000000000e+03
7.365000000000000000e+03
7.119000000000000000e+03
7.156000000000000000e+03
7.628000000000000000e+03
7.396000000000000000e+03
7.403000000000000000e+03
6.908000000000000000e+03
6.912000000000000000e+03
6.682000000000000000e+03
6.339000000000000000e+03
5.734000000000000000e+03
5.649000000000000000e+03
5.802000000000000000e+03
5.464000000000000000e+03
5.353000000000000000e+03
5.893000000000000000e+03
6.180000000000000000e+03
7.099000000000000000e+03
8.193000000000000000e+03
9.625000000000000000e+03
9.701000000000000000e+03
1.017800000000000000e+04
1.051900000000000000e+04
1.101200000000000000e+04
1.177600000000000000e+04
1.216500000000000000e+04
1.137300000000000000e+04
1.136300000000000000e+04
1.146700000000000000e+04
1.058000000000000000e+04
1.156300000000000000e+04
9.577000000000000000e+03
7.525000000000000000e+03
8.467000000000000000e+03
9.824000000000000000e+03
8.234000000000000000e+03
8.924000000000000000e+03
1.048500000000000000e+04
1.123600000000000000e+04
1.341000000000000000e+04
1.416200000000000000e+04
1.518000000000000000e+04
1.209800000000000000e+04
8.097000000000000000e+03
5.539000000000000000e+03
2.858000000000000000e+03
7.350000000000000000e+02
4.830000000000000000e+02
4.210000000000000000e+02
4.550000000000000000e+02
4.380000000000000000e+02
4.050000000000000000e+02
4.380000000000000000e+02
4.470000000000000000e+02
4.820000000000000000e+02
4.660000000000000000e+02
4.570000000000000000e+02
4.890000000000000000e+02
4.770000000000000000e+02
4.540000000000000000e+02
4.950000000000000000e+02
4.610000000000000000e+02
4.720000000000000000e+02
4.410000000000000000e+02
4.240000000000000000e+02
4.310000000000000000e+02
4.510000000000000000e+02
4.700000000000000000e+02
3.970000000000000000e+02
4.240000000000000000e+02
4.210000000000000000e+02
4.000000000000000000e+02
3.870000000000000000e+02
3.600000000000000000e+02
3.810000000000000000e+02
4.150000000000000000e+02
4.040000000000000000e+02
4.130000000000000000e+02
4.450000000000000000e+02
4.600000000000000000e+02
4.350000000000000000e+02
3.870000000000000000e+02
3.220000000000000000e+02
2.470000000000000000e+02
1.690000000000000000e+02
1.330000000000000000e+02
1.380000000000000000e+02
1.200000000000000000e+02
1.270000000000000000e+02
6.500000000000000000e+01
2.400000000000000000e+01
0.000000000000000000e+00
0.000000000000000000e+00
0.000000000000000000e+00
0.000000000000000000e+00
0.000000000000000000e+00
0.000000000000000000e+00
