2.000000000000000000e+00
7.000000000000000000e+00
6.000000000000000000e+00
5.000000000000000000e+00
7.000000000000000000e+00
6.000000000000000000e+00
1.200000000000000000e+01
3.000000000000000000e+01
4.900000000000000000e+01
5.900000000000000000e+01
7.100000000000000000e+01
7.400000000000000000e+01
1.780000000000000000e+02
1.670000000000000000e+02
1.970000000000000000e+02
2.160000000000000000e+02
1.960000000000000000e+02
1.640000000000000000e+02
1.240000000000000000e+02
1.190000000000000000e+02
1.330000000000000000e+02
1.110000000000000000e+02
9.600000000000000000e+01
1.140000000000000000e+02
1.210000000000000000e+02
1.250000000000000000e+02
1.470000000000000000e+02
1.230000000000000000e+02
1.260000000000000000e+02
1.100000000000000000e+02
1.200000000000000000e+02
1.260000000000000000e+02
1.060000000000000000e+02
1.040000000000000000e+02
1.180000000000000000e+02
9.600000000000000000e+01
1.080000000000000000e+02
8.600000000000000000e+01
1.230000000000000000e+02
9.900000000000000000e+01
1.070000000000000000e+02
1.150000000000000000e+02
1.120000000000000000e+02
1.030000000000000000e+02
1.270000000000000000e+02
1.120000000000000000e+02
1.210000000000000000e+02
1.200000000000000000e+02
1.090000000000000000e+02
1.140000000000000000e+02
1.230000000000000000e+02
1.260000000000000000e+02
1.690000000000000000e+02
1.740000000000000000e+02
1.650000000000000000e+02
1.810000000000000000e+02
1.480000000000000000e+02
1.700000000000000000e+02
1.650000000000000000e+02
1.920000000000000000e+02
1.880000000000000000e+02
1.400000000000000000e+02
1.920000000000000000e+02
1.950000000000000000e+02
2.100000000000000000e+02
1.900000000000000000e+02
2.290000000000000000e+02
2.200000000000000000e+02
2.160000000000000000e+02
2.250000000000000000e+02
2.600000000000000000e+02
2.300000000000000000e+02
2.710000000000000000e+02
2.490000000000000000e+02
2.440000000000000000e+02
3.040000000000000000e+02
3.250000000000000000e+02
3.080000000000000000e+02
3.320000000000000000e+02
3.370000000000000000e+02
3.400000000000000000e+02
3.870000000000000000e+02
4.340000000000000000e+02
4.600000000000000000e+02
4.450000000000000000e+02
5.070000000000000000e+02
5.230000000000000000e+02
5.510000000000000000e+02
5.590000000000000000e+02
6.160000000000000000e+02
6.680000000000000000e+02
6.850000000000000000e+02
7.370000000000000000e+02
8.120000000000000000e+02
8.380000000000000000e+02
9.150000000000000000e+02
9.990000000000000000e+02
1.043000000000000000e+03
1.133000000000000000e+03
1.211000000000000000e+03
1.338000000000000000e+03
1.349000000000000000e+03
1.530000000000000000e+03
1.611000000000000000e+03
1.765000000000000000e+03
1.868000000000000000e+03
2.039000000000000000e+03
2.192000000000000000e+03
2.300000000000000000e+03
2.443000000000000000e+03
2.699000000000000000e+03
2.949000000000000000e+03
3.221000000000000000e+03
3.266000000000000000e+03
3.604000000000000000e+03
3.725000000000000000e+03
4.091000000000000000e+03
4.223000000000000000e+03
4.576000000000000000e+03
4.891000000000000000e+03
5.296000000000000000e+03
5.364000000000000000e+03
5.428000000000000000e+03
5.669000000000000000e+03
5.967000000000000000e+03
6.080000000000000000e+03
6.359000000000000000e+03
6.468000000000000000e+03
6.623000000000000000e+03
6.413000000000000000e+03
6.281000000000000000e+03
6.308000000000000000e+03
6.283000000000000000e+03
6.296000000000000000e+03
6.154000000000000000e+03
5.994000000000000000e+03
6.070000000000000000e+03
6.103000000000000000e+03
5.960000000000000000e+03
5.806000000000000000e+03
5.696000000000000000e+03
5.746000000000000000e+03
5.725000000000000000e+03
6.418000000000000000e+03
6.335000000000000000e+03
6.819000000000000000e+03
7.926000000000000000e+03
8.038000000000000000e+03
8.009000000000000000e+03
8.784000000000000000e+03
8.889000000000000000e+03
8.413000000000000000e+03
8.738000000000000000e+03
8.674000000000000000e+03
8.889000000000000000e+03
9.830000000000000000e+03
9.951000000000000000e+03
9.899000000000000000e+03
1.021700000000000000e+04
9.759000000000000000e+03
9.001000000000000000e+03
9.705000000000000000e+03
9.877000000000000000e+03
1.134700000000000000e+04
1.260700000000000000e+04
1.244000000000000000e+04
1.215600000000000000e+04
1.394400000000000000e+04
1.261100000000000000e+04
9.985000000000000000e+03
1.373600000000000000e+04
1.326100000000000000e+04
1.310200000000000000e+04
1.611800000000000000e+04
1.233900000000000000e+04
9.966000000000000000e+03
9.528000000000000000e+03
1.070200000000000000e+04
9.710000000000000000e+03
1.072100000000000000e+04
8.944000000000000000e+03
5.437000000000000000e+03
5.476000000000000000e+03
4.656000000000000000e+03
3.538000000000000000e+03
2.677000000000000000e+03
2.426000000000000000e+03
2.327000000000000000e+03
2.366000000000000000e+03
2.196000000000000000e+03
2.298000000000000000e+03
2.300000000000000000e+03
2.170000000000000000e+03
2.244000000000000000e+03
2.259000000000000000e+03
2.256000000000000000e+03
2.195000000000000000e+03
2.189000000000000000e+03
2.244000000000000000e+03
2.232000000000000000e+03
2.296000000000000000e+03
2.287000000000000000e+03
2.290000000000000000e+03
2.229000000000000000e+03
2.226000000000000000e+03
2.209000000000000000e+03
2.282000000000000000e+03
2.225000000000000000e+03
2.220000000000000000e+03
2.106000000000000000e+03
2.120000000000000000e+03
2.099000000000000000e+03
2.210000000000000000e+03
2.171000000000000000e+03
2.201000000000000000e+03
2.193000000000000000e+03
2.097000000000000000e+03
2.019000000000000000e+03
2.083000000000000000e+03
2.033000000000000000e+03
1.859000000000000000e+03
1.889000000000000000e+03
1.775000000000000000e+03
1.666000000000000000e+03
1.695000000000000000e+03
1.591000000000000000e+03
1.707000000000000000e+03
1.664000000000000000e+03
1.663000000000000000e+03
1.628000000000000000e+03
1.641000000000000000e+03
1.585000000000000000e+03
1.624000000000000000e+03
1.607000000000000000e+03
1.556000000000000000e+03
1.573000000000000000e+03
1.411000000000000000e+03
1.373000000000000000e+03
1.300000000000000000e+03
1.253000000000000000e+03
1.234000000000000000e+03
1.243000000000000000e+03
1.126000000000000000e+03
1.172000000000000000e+03
1.178000000000000000e+03
1.179000000000000000e+03
1.273000000000000000e+03
1.160000000000000000e+03
1.095000000000000000e+03
8.860000000000000000e+02
6.940000000000000000e+02
5.730000000000000000e+02
4.430000000000000000e+02
4.030000000000000000e+02
2.930000000000000000e+02
0.000000000000000000e+00
