3.731900000000000000e+04
1.194820000000000000e+05
2.513950000000000000e+05
2.754020000000000000e+05
2.216680000000000000e+05
1.719910000000000000e+05
1.584530000000000000e+05
1.763600000000000000e+05
2.176160000000000000e+05
2.724200000000000000e+05
3.259990000000000000e+05
3.564100000000000000e+05
3.595490000000000000e+05
3.385260000000000000e+05
3.074170000000000000e+05
2.701460000000000000e+05
2.404900000000000000e+05
2.144410000000000000e+05
1.935610000000000000e+05
1.715390000000000000e+05
1.424090000000000000e+05
1.091190000000000000e+05
7.968800000000000000e+04
5.626300000000000000e+04
4.045300000000000000e+04
2.949600000000000000e+04
2.211400000000000000e+04
1.690600000000000000e+04
1.318600000000000000e+04
1.072100000000000000e+04
9.450000000000000000e+03
9.106000000000000000e+03
9.188000000000000000e+03
9.970000000000000000e+03
1.138800000000000000e+04
1.300400000000000000e+04
1.579100000000000000e+04
2.010100000000000000e+04
2.692200000000000000e+04
3.817400000000000000e+04
5.394400000000000000e+04
7.299600000000000000e+04
9.319700000000000000e+04
1.135920000000000000e+05
1.331780000000000000e+05
1.413620000000000000e+05
1.355510000000000000e+05
1.208960000000000000e+05
1.088720000000000000e+05
9.991600000000000000e+04
8.789200000000000000e+04
7.463400000000000000e+04
6.445000000000000000e+04
5.870000000000000000e+04
5.504000000000000000e+04
5.382800000000000000e+04
5.184100000000000000e+04
4.822700000000000000e+04
4.345400000000000000e+04
3.803000000000000000e+04
3.409900000000000000e+04
3.289900000000000000e+04
3.602200000000000000e+04
4.257300000000000000e+04
4.856700000000000000e+04
5.106800000000000000e+04
5.030200000000000000e+04
5.076700000000000000e+04
5.287700000000000000e+04
5.406300000000000000e+04
5.098600000000000000e+04
4.556500000000000000e+04
4.191700000000000000e+04
4.254200000000000000e+04
4.320600000000000000e+04
4.527200000000000000e+04
4.546400000000000000e+04
4.877200000000000000e+04
4.889300000000000000e+04
5.238200000000000000e+04
5.735800000000000000e+04
5.361600000000000000e+04
5.387700000000000000e+04
5.747900000000000000e+04
5.919400000000000000e+04
5.891500000000000000e+04
5.696500000000000000e+04
5.563000000000000000e+04
5.729600000000000000e+04
6.131800000000000000e+04
6.063600000000000000e+04
5.454300000000000000e+04
4.634700000000000000e+04
4.351900000000000000e+04
4.011100000000000000e+04
3.382900000000000000e+04
3.216700000000000000e+04
3.733400000000000000e+04
4.325400000000000000e+04
4.515800000000000000e+04
4.404500000000000000e+04
4.465900000000000000e+04
4.533200000000000000e+04
4.544500000000000000e+04
4.540300000000000000e+04
4.648600000000000000e+04
4.919000000000000000e+04
5.313400000000000000e+04
5.666700000000000000e+04
5.660800000000000000e+04
5.456400000000000000e+04
5.748100000000000000e+04
6.449000000000000000e+04
7.176700000000000000e+04
7.707400000000000000e+04
8.039500000000000000e+04
8.356100000000000000e+04
8.584600000000000000e+04
8.594500000000000000e+04
8.295800000000000000e+04
7.916200000000000000e+04
7.303700000000000000e+04
6.492200000000000000e+04
5.714200000000000000e+04
5.141600000000000000e+04
4.727800000000000000e+04
4.349600000000000000e+04
4.143200000000000000e+04
3.716300000000000000e+04
2.549300000000000000e+04
1.394900000000000000e+04
7.405000000000000000e+03
3.760000000000000000e+03
2.335000000000000000e+03
1.715000000000000000e+03
1.379000000000000000e+03
1.106000000000000000e+03
9.610000000000000000e+02
7.820000000000000000e+02
6.660000000000000000e+02
6.740000000000000000e+02
6.920000000000000000e+02
5.820000000000000000e+02
5.280000000000000000e+02
5.090000000000000000e+02
5.570000000000000000e+02
5.590000000000000000e+02
6.170000000000000000e+02
8.850000000000000000e+02
1.294000000000000000e+03
1.539000000000000000e+03
1.892000000000000000e+03
2.194000000000000000e+03
2.633000000000000000e+03
2.762000000000000000e+03
2.790000000000000000e+03
2.959000000000000000e+03
3.447000000000000000e+03
5.532000000000000000e+03
9.595000000000000000e+03
9.411000000000000000e+03
9.651000000000000000e+03
9.337000000000000000e+03
9.971000000000000000e+03
1.135400000000000000e+04
8.529000000000000000e+03
7.937000000000000000e+03
8.875000000000000000e+03
7.213000000000000000e+03
7.602000000000000000e+03
8.071000000000000000e+03
8.711000000000000000e+03
8.790000000000000000e+03
8.033000000000000000e+03
8.511000000000000000e+03
7.028000000000000000e+03
6.705000000000000000e+03
7.461000000000000000e+03
7.957000000000000000e+03
9.467000000000000000e+03
9.999000000000000000e+03
1.176100000000000000e+04
1.257200000000000000e+04
1.350500000000000000e+04
1.425700000000000000e+04
1.453300000000000000e+04
1.569500000000000000e+04
1.932900000000000000e+04
2.575500000000000000e+04
5.138400000000000000e+04
6.915400000000000000e+04
7.248900000000000000e+04
4.405200000000000000e+04
4.172600000000000000e+04
3.556000000000000000e+04
3.284900000000000000e+04
3.871900000000000000e+04
3.952100000000000000e+04
3.840000000000000000e+04
4.653800000000000000e+04
7.969000000000000000e+04
1.095520000000000000e+05
9.052700000000000000e+04
3.681700000000000000e+04
2.299400000000000000e+04
1.905000000000000000e+04
2.198300000000000000e+04
1.711700000000000000e+04
1.475900000000000000e+04
2.095100000000000000e+04
2.382500000000000000e+04
1.927000000000000000e+04
1.038700000000000000e+04
8.852000000000000000e+03
8.219000000000000000e+03
8.300000000000000000e+03
8.946000000000000000e+03
7.312000000000000000e+03
7.564000000000000000e+03
4.539000000000000000e+03
3.719000000000000000e+03
3.236000000000000000e+03
3.922000000000000000e+03
5.253000000000000000e+03
5.852000000000000000e+03
4.454000000000000000e+03
5.393000000000000000e+03
8.589000000000000000e+03
1.109000000000000000e+04
5.981000000000000000e+03
1.901000000000000000e+03
1.161000000000000000e+03
8.480000000000000000e+02
6.690000000000000000e+02
5.750000000000000000e+02
5.120000000000000000e+02
3.960000000000000000e+02
3.430000000000000000e+02
2.930000000000000000e+02
2.730000000000000000e+02
2.060000000000000000e+02
1.980000000000000000e+02
1.690000000000000000e+02
1.130000000000000000e+02
9.200000000000000000e+01
8.100000000000000000e+01
4.700000000000000000e+01
4.600000000000000000e+01
3.300000000000000000e+01
2.600000000000000000e+01
1.700000000000000000e+01
3.300000000000000000e+01
4.100000000000000000e+01
4.700000000000000000e+01
4.200000000000000000e+01
1.470000000000000000e+02
