3.140000000000000000e+02
1.510000000000000000e+02
1.655000000000000000e+03
1.379000000000000000e+03
6.630000000000000000e+02
3.040000000000000000e+02
1.200000000000000000e+02
6.800000000000000000e+01
5.500000000000000000e+01
4.000000000000000000e+01
2.600000000000000000e+01
3.500000000000000000e+01
2.700000000000000000e+01
3.100000000000000000e+01
1.800000000000000000e+01
1.900000000000000000e+01
2.400000000000000000e+01
1.900000000000000000e+01
1.600000000000000000e+01
1.500000000000000000e+01
1.300000000000000000e+01
2.300000000000000000e+01
1.600000000000000000e+01
2.800000000000000000e+01
2.500000000000000000e+01
3.200000000000000000e+01
2.600000000000000000e+01
2.900000000000000000e+01
3.200000000000000000e+01
2.800000000000000000e+01
3.200000000000000000e+01
4.100000000000000000e+01
4.500000000000000000e+01
3.500000000000000000e+01
4.900000000000000000e+01
6.600000000000000000e+01
6.300000000000000000e+01
7.100000000000000000e+01
9.800000000000000000e+01
9.300000000000000000e+01
8.700000000000000000e+01
8.600000000000000000e+01
1.280000000000000000e+02
1.240000000000000000e+02
1.310000000000000000e+02
1.380000000000000000e+02
1.530000000000000000e+02
2.400000000000000000e+02
2.440000000000000000e+02
2.860000000000000000e+02
2.560000000000000000e+02
2.270000000000000000e+02
2.260000000000000000e+02
2.700000000000000000e+02
3.010000000000000000e+02
3.180000000000000000e+02
2.920000000000000000e+02
2.780000000000000000e+02
2.690000000000000000e+02
2.270000000000000000e+02
2.630000000000000000e+02
2.520000000000000000e+02
2.340000000000000000e+02
2.390000000000000000e+02
2.470000000000000000e+02
2.430000000000000000e+02
2.310000000000000000e+02
2.390000000000000000e+02
2.560000000000000000e+02
2.790000000000000000e+02
2.500000000000000000e+02
2.570000000000000000e+02
2.620000000000000000e+02
2.520000000000000000e+02
2.500000000000000000e+02
2.600000000000000000e+02
2.710000000000000000e+02
2.760000000000000000e+02
2.790000000000000000e+02
2.820000000000000000e+02
3.190000000000000000e+02
2.940000000000000000e+02
2.830000000000000000e+02
2.840000000000000000e+02
2.960000000000000000e+02
2.770000000000000000e+02
2.950000000000000000e+02
3.000000000000000000e+02
2.750000000000000000e+02
2.890000000000000000e+02
3.350000000000000000e+02
3.070000000000000000e+02
2.770000000000000000e+02
3.240000000000000000e+02
3.180000000000000000e+02
3.150000000000000000e+02
3.230000000000000000e+02
3.170000000000000000e+02
3.290000000000000000e+02
2.880000000000000000e+02
2.870000000000000000e+02
2.450000000000000000e+02
2.860000000000000000e+02
2.860000000000000000e+02
2.960000000000000000e+02
3.020000000000000000e+02
3.160000000000000000e+02
2.840000000000000000e+02
3.250000000000000000e+02
3.170000000000000000e+02
3.440000000000000000e+02
3.550000000000000000e+02
3.860000000000000000e+02
3.990000000000000000e+02
3.900000000000000000e+02
4.030000000000000000e+02
3.920000000000000000e+02
4.130000000000000000e+02
4.320000000000000000e+02
4.060000000000000000e+02
4.280000000000000000e+02
4.090000000000000000e+02
4.510000000000000000e+02
4.790000000000000000e+02
4.930000000000000000e+02
5.220000000000000000e+02
5.790000000000000000e+02
6.230000000000000000e+02
6.270000000000000000e+02
6.520000000000000000e+02
5.940000000000000000e+02
5.830000000000000000e+02
5.620000000000000000e+02
6.020000000000000000e+02
6.130000000000000000e+02
6.610000000000000000e+02
6.660000000000000000e+02
7.020000000000000000e+02
6.760000000000000000e+02
6.860000000000000000e+02
6.500000000000000000e+02
6.880000000000000000e+02
6.750000000000000000e+02
6.790000000000000000e+02
7.150000000000000000e+02
7.800000000000000000e+02
9.560000000000000000e+02
1.136000000000000000e+03
1.270000000000000000e+03
1.859000000000000000e+03
2.572000000000000000e+03
3.184000000000000000e+03
3.249000000000000000e+03
3.076000000000000000e+03
3.039000000000000000e+03
3.260000000000000000e+03
3.669000000000000000e+03
4.103000000000000000e+03
5.246000000000000000e+03
6.832000000000000000e+03
7.346000000000000000e+03
6.892000000000000000e+03
6.749000000000000000e+03
5.896000000000000000e+03
4.937000000000000000e+03
4.458000000000000000e+03
4.267000000000000000e+03
4.238000000000000000e+03
4.131000000000000000e+03
3.777000000000000000e+03
3.304000000000000000e+03
2.908000000000000000e+03
2.548000000000000000e+03
2.188000000000000000e+03
1.871000000000000000e+03
1.571000000000000000e+03
1.657000000000000000e+03
1.864000000000000000e+03
2.260000000000000000e+03
2.459000000000000000e+03
2.412000000000000000e+03
2.364000000000000000e+03
2.306000000000000000e+03
2.011000000000000000e+03
1.910000000000000000e+03
1.814000000000000000e+03
1.958000000000000000e+03
2.131000000000000000e+03
2.130000000000000000e+03
2.229000000000000000e+03
2.328000000000000000e+03
2.480000000000000000e+03
2.382000000000000000e+03
2.013000000000000000e+03
1.946000000000000000e+03
1.915000000000000000e+03
2.111000000000000000e+03
2.133000000000000000e+03
2.334000000000000000e+03
2.416000000000000000e+03
2.497000000000000000e+03
2.471000000000000000e+03
2.491000000000000000e+03
2.440000000000000000e+03
2.512000000000000000e+03
2.635000000000000000e+03
2.798000000000000000e+03
2.572000000000000000e+03
2.629000000000000000e+03
3.041000000000000000e+03
3.204000000000000000e+03
3.651000000000000000e+03
3.769000000000000000e+03
3.818000000000000000e+03
3.920000000000000000e+03
4.008000000000000000e+03
4.635000000000000000e+03
5.869000000000000000e+03
7.184000000000000000e+03
7.058000000000000000e+03
5.784000000000000000e+03
5.253000000000000000e+03
4.827000000000000000e+03
4.989000000000000000e+03
4.204000000000000000e+03
3.974000000000000000e+03
4.265000000000000000e+03
4.010000000000000000e+03
3.370000000000000000e+03
3.332000000000000000e+03
2.501000000000000000e+03
2.163000000000000000e+03
2.547000000000000000e+03
2.947000000000000000e+03
3.679000000000000000e+03
4.748000000000000000e+03
5.651000000000000000e+03
7.671000000000000000e+03
5.740000000000000000e+03
3.583000000000000000e+03
1.915000000000000000e+03
6.490000000000000000e+02
1.360000000000000000e+02
5.400000000000000000e+01
3.600000000000000000e+01
5.600000000000000000e+01
4.000000000000000000e+01
2.900000000000000000e+01
2.000000000000000000e+01
1.700000000000000000e+01
1.500000000000000000e+01
1.600000000000000000e+01
2.700000000000000000e+01
1.400000000000000000e+01
8.000000000000000000e+00
2.000000000000000000e+00
